# Created by Octave 3.8.0, Wed Jun 07 00:17:48 2017 GET <dato@MacBook-Air.local>
# name: v
# type: matrix
# rows: 1
# columns: 3
 1 2 3


